NBPHOTONS = 1000000000
NBLOOP = 18000
XBLOCK = 64
YBLOCK = 1
XGRID = 112
YGRID = 1
NBTHETA = 180
NBPHI = 360
NBSTOKES = 2
THETASOL = 70.
LAMBDA = 635.
TAURAY = 0.05330
TAUAER = 0.0
W0AER = 0.966883724738261
PROFIL = 0
HA = 2.0
HR = 8.0
ZMIN = 0.
ZMAX = 1.
WINDSPEED = 5.0
NH2O = 1.33
SIM = -2
SUR = 1
DIOPTRE = 1
CONPHY = 0.1
DIFFF = 0
